Chair(Clone)
(23.69, 0.57, -21.03)
(0.52837, -0.47037, 0.47421, 0.52412)
Sphere(Clone)
(19.96, 3.95, -18.14)
(0.19439, 0.42214, -0.38498, -0.79737)
Mirror(Clone)
(21.30, 0.38, -16.28)
(-0.70256, 0.08071, -0.08078, -0.70241)
Cabinet(Clone)
(19.34, 0.29, -17.09)
(0.00105, 0.73644, 0.00124, -0.67650)
Table(Clone)
(20.47, 1.21, -18.21)
(0.59861, -0.71831, 0.35296, -0.03331)
Fabric(Clone)
(26.04, 0.45, -20.04)
(0.86116, 0.02525, -0.50740, -0.01781)
Fabric(Clone)
(22.68, 0.29, -19.64)
(-0.00648, -0.91183, 0.00519, 0.41048)
Fabric(Clone)
(22.13, 0.29, -19.21)
(-0.00141, -0.93393, 0.00040, 0.35746)
Fabric(Clone)
(22.84, 0.51, -19.15)
(-0.83250, -0.34650, 0.39902, 0.16631)
Stool(Clone)
(21.06, 0.49, -15.06)
(0.66655, 0.70799, -0.05727, 0.22622)
Stool(Clone)
(21.19, 0.50, -16.96)
(0.43401, 0.45213, 0.56322, -0.53852)
Stool(Clone)
(22.66, 0.28, -17.64)
(-0.00471, 0.89316, 0.00159, 0.44971)
Fabric(Clone)
(22.98, 0.29, -16.92)
(0.00100, 0.57687, -0.00170, -0.81683)
Sphere(Clone)
(23.03, 7.61, -17.49)
(0.64587, -0.40682, 0.51887, 0.38488)
Sphere(Clone)
(21.32, 3.39, -20.62)
(-0.03019, -0.68584, 0.70268, -0.18694)
Sphere(Clone)
(21.27, 5.88, -16.00)
(-0.73585, 0.16149, -0.61581, -0.23070)
Fabric(Clone)
(23.84, 0.29, -18.11)
(-0.00303, -0.95110, -0.00110, -0.30888)
Sphere(Clone)
(24.93, 2.78, -20.79)
(-0.20629, -0.67571, 0.03144, -0.70701)
Sphere(Clone)
(23.09, 0.76, -22.18)
(0.65482, 0.65215, -0.28358, 0.25593)
Sphere(Clone)
(24.76, 6.00, -18.17)
(0.00755, 0.34729, -0.93772, 0.00181)
Sphere(Clone)
(22.54, 5.56, -18.19)
(0.43477, 0.40963, 0.76299, -0.24703)
Sphere(Clone)
(22.63, 6.81, -16.66)
(-0.21108, 0.04090, -0.50110, -0.83826)
Sphere(Clone)
(22.77, 2.56, -22.26)
(0.67539, 0.71240, -0.05123, 0.18359)
Sphere(Clone)
(25.11, 1.51, -14.65)
(-0.43489, -0.81992, 0.10218, 0.35801)
Sphere(Clone)
(21.85, 5.25, -16.33)
(0.38528, -0.11722, 0.71766, -0.56814)
Sphere(Clone)
(23.15, 2.58, -12.62)
(0.93731, -0.10713, -0.13263, -0.30395)
Sphere(Clone)
(22.85, 6.45, -16.61)
(-0.34565, -0.43562, 0.53911, 0.63255)
Sphere(Clone)
(23.35, 4.63, -14.96)
(0.36309, -0.43322, 0.79113, 0.23364)
Sphere(Clone)
(22.61, 2.82, -22.03)
(0.03493, 0.94914, -0.10630, -0.29432)
Sphere(Clone)
(22.84, 0.49, -17.32)
(-0.04188, 0.96548, 0.13349, -0.21970)
Sphere(Clone)
(23.80, 0.85, -14.21)
(-0.26906, -0.10816, -0.23313, 0.92820)
Sphere(Clone)
(26.49, 2.41, -17.41)
(0.19057, -0.40211, -0.35941, -0.82025)
Sphere(Clone)
(24.89, 2.54, -16.17)
(-0.96041, -0.26019, 0.00532, 0.09944)
Sphere(Clone)
(26.48, 2.43, -18.53)
(0.54402, 0.59725, -0.20024, -0.55429)
Sphere(Clone)
(23.12, 3.77, -15.17)
(-0.79504, 0.27532, 0.45749, 0.28776)
Sphere(Clone)
(23.44, 3.64, -14.87)
(-0.21488, 0.36055, 0.29689, -0.85772)
Sphere(Clone)
(19.80, 2.22, -19.03)
(-0.11506, 0.48281, -0.85518, 0.14940)
Sphere(Clone)
(22.77, 2.57, -14.00)
(0.35326, -0.58722, -0.30158, 0.66290)
Sphere(Clone)
(25.03, 6.57, -18.87)
(-0.74439, -0.65741, -0.09013, 0.07466)
Fabric(Clone)
(23.50, 0.53, -18.34)
(-0.90723, -0.07985, 0.40001, -0.10276)
Sphere(Clone)
(20.14, 4.63, -16.94)
(-0.69445, 0.13797, -0.25527, -0.65844)
Sphere(Clone)
(19.85, 0.44, -16.73)
(0.42747, 0.82896, -0.30711, -0.18917)
Sphere(Clone)
(18.17, 2.56, -17.41)
(0.14037, 0.54542, 0.32110, 0.76138)
Fabric(Clone)
(23.47, 0.67, -18.40)
(-0.86916, -0.11762, 0.47178, -0.09026)
Sphere(Clone)
(20.44, 0.87, -15.17)
(0.16035, 0.91606, 0.28347, 0.23403)
Mirror(Clone)
(22.76, 0.57, -18.39)
(0.15083, -0.73947, 0.65605, -0.00578)
Fabric(Clone)
(23.47, 0.61, -17.12)
(-0.53116, -0.18075, -0.57426, -0.59618)
Sphere(Clone)
(21.70, 2.53, -12.69)
(0.82179, -0.34167, -0.22706, 0.39543)
Sphere(Clone)
(20.47, 1.94, -17.09)
(-0.87075, -0.10884, -0.08431, 0.47207)
Sphere(Clone)
(23.52, 2.07, -17.65)
(-0.62004, -0.57227, -0.32672, 0.42581)
